94
95
96
99
101
102
103
104
107
109
111
112
113
114
115
116
117
119
120
121
122
124
127
128
129
130
131
133
135
136
137
138
139
140
141
142
143
144
145
146
147
148
150
151
152
153
154
155
157
158
159
160
161
162
163
164
166
167
169
170
171
173
174
175
176
177
178
179
180
181
182
183
186
189
190
191
192
194
195
196
197
199
200
202
204
206
207
208
209
210
211
212
213
214
215
216
217
218
219
220
221
222
223
224
225
226
227
228
229
230
233
234
235
236
238
239
241
242
244
245
248
249
250
252
254
257
258
259
261
262
263
264
265
267
268
270
271
272
273
274
275
276
277
278
279
280
281
282
283
284
285
286
287
288
289
290
291
292
293
294
295
296
297
298
299
301
302
303
304
305
306
307
